Send Number
{
    "type": 153,
    "content": {
        "type": "Buffer",
        "data": [
            160,
            0,
            0,
            0
        ]
    },
    "fileName": "/tmp/screen_dpi"
}

{
    "type": "Buffer",
    "data": [
        170,
        85,
        170,
        85,
        28,
        0,
        0,
        0,
        153,
        0,
        0,
        0,
        102,
        255,
        255,
        255,
        16,
        0,
        0,
        0,
        47,
        116,
        109,
        112,
        47,
        115,
        99,
        114,
        101,
        101,
        110,
        95,
        100,
        112,
        105,
        0,
        4,
        0,
        0,
        0,
        160,
        0,
        0,
        0
    ]
}




Heartbeat
{
    "type": 170
}

{
    "type": "Buffer",
    "data": [
        170,
        85,
        170,
        85,
        0,
        0,
        0,
        0,
        170,
        0,
        0,
        0,
        85,
        255,
        255,
        255
    ]
}